enhancer	S1_r1	S1_r2	S1_r3	S2_r1	S2_r2	S2_r3	S2_r4
chr21_5128185_5128529	12	2	4	21	5	42	10
chr21_5240507_5241144	29	20	40	15	1	30	2
chr21_5241953_5242568	33	29	58	11	2	22	4
chr21_5242733_5243984	160	68	136	12	7	24	14
chr21_5244027_5244554	52	29	58	13	4	26	8
chr21_5244634_5245418	59	19	38	13	1	26	2
chr21_5246067_5246864	59	18	36	5	4	10	8
chr21_6109723_6110258	0	0	0	74	4	148	8
chr21_6111347_6111705	0	0	0	31	2	62	4
chr21_6125424_6125791	1	0	0	35	7	70	14
chr21_6368812_6369148	26	14	28	90	16	180	32
chr21_8758574_8759005	18	5	10	2	1	4	2
chr21_8759056_8759835	78	19	38	22	0	44	0
chr21_8773238_8773549	19	7	14	3	1	6	2
chr21_9766842_9768489	217	43	86	30	10	60	20
chr21_9823409_9823767	21	6	12	9	3	18	6
chr21_9835889_9836095	7	3	6	0	0	0	0
chr21_9836676_9837290	34	6	12	3	1	6	2
chr21_9837370_9838012	20	5	10	5	0	10	0
chr21_9838760_9839095	14	4	8	8	2	16	4
chr21_9839154_9839319	7	2	4	7	0	14	0
chr21_10119622_10119934	10	3	6	1	0	2	0
chr21_10412818_10413318	18	8	16	77	30	154	60
chr21_10413364_10414687	255	80	160	338	52	676	104
chr21_13857982_13858350	0	0	0	36	8	72	16
chr21_13876254_13877026	3	1	2	96	9	192	18
chr21_13877258_13877766	3	1	2	49	5	98	10
chr21_13970153_13970611	4	0	0	40	15	80	30
chr21_13973200_13974647	36	23	46	9	5	18	10
chr21_14027434_14027676	10	6	12	26	1	52	2
chr21_14063987_14064699	3	0	0	134	24	268	48
chr21_14166284_14167159	3	0	0	80	40	160	80
chr21_14216164_14216413	2	0	0	28	10	56	20
chr21_14303654_14304265	4	1	2	113	9	226	18
chr21_14304458_14305036	0	1	2	84	10	168	20
chr21_14305351_14307562	4	7	14	325	47	650	94
chr21_14315960_14316445	2	1	2	56	11	112	22
chr21_14381282_14381485	10	5	10	3	2	6	4
chr21_14382168_14384785	436	199	398	238	60	476	120
chr21_14417312_14417482	6	0	0	1	1	2	2
chr21_14450702_14456326	519	469	938	69	39	138	78
chr21_14490597_14491054	10	12	24	8	1	16	2
chr21_14525322_14525877	5	11	22	5	1	10	2
chr21_14525940_14526584	22	20	40	3	2	6	4
chr21_14526769_14529432	105	120	240	23	12	46	24
chr21_14531559_14532494	30	34	68	13	8	26	16
chr21_14533527_14534178	51	5	10	35	4	70	8
chr21_14534228_14535887	75	35	70	40	10	80	20
chr21_14541758_14542490	26	31	62	5	3	10	6
chr21_14542528_14546661	86	189	378	46	14	92	28
chr21_14546968_14547348	7	13	26	5	2	10	4
chr21_14581083_14581336	13	7	14	0	1	0	2
chr21_14581878_14585791	257	316	632	62	23	124	46
chr21_14600420_14601396	28	19	38	11	2	22	4
chr21_14602937_14603332	7	8	16	7	1	14	2
chr21_14674539_14674847	1	7	14	3	1	6	2
chr21_14675240_14678757	280	250	500	29	22	58	44
chr21_14699404_14700105	8	4	8	127	30	254	60
chr21_14700338_14701064	6	3	6	125	23	250	46
chr21_14711518_14712124	0	1	2	98	12	196	24
chr21_14712413_14712955	0	1	2	89	13	178	26
chr21_14735763_14736773	17	27	54	13	8	26	16
chr21_14737131_14737833	35	31	62	13	6	26	12
chr21_14740603_14741364	5	4	8	64	40	128	80
chr21_14741464_14742082	5	3	6	33	32	66	64
chr21_14744487_14745377	36	17	34	8	4	16	8
chr21_14748447_14748999	17	17	34	10	4	20	8
chr21_14749206_14749559	1	13	26	4	0	8	0
chr21_14749603_14750540	52	46	92	14	8	28	16
chr21_14750604_14751557	61	49	98	14	9	28	18
chr21_14751738_14756723	463	471	942	48	13	96	26
chr21_14756791_14757336	0	16	32	8	4	16	8
chr21_14757516_14758773	63	33	66	11	7	22	14
chr21_14758835_14759225	15	14	28	5	2	10	4
chr21_14759266_14759670	4	8	16	9	2	18	4
chr21_14760059_14760566	8	12	24	4	3	8	6
chr21_14760734_14764325	254	303	606	91	30	182	60
chr21_14764472_14764911	14	12	24	2	1	4	2
chr21_14767661_14768020	2	5	10	30	2	60	4
chr21_14768237_14768676	6	2	4	48	2	96	4
chr21_14771210_14771680	9	10	20	49	19	98	38
chr21_14773473_14773781	3	7	14	6	1	12	2
chr21_14829522_14831334	4	3	6	292	113	584	226
chr21_14862080_14865280	21	15	30	1248	376	2496	752
chr21_14868792_14869485	2	1	2	64	10	128	20
chr21_14869642_14872238	9	2	4	949	173	1898	346
chr21_14874150_14875545	6	3	6	201	24	402	48
chr21_14875865_14880691	18	9	18	1419	290	2838	580
chr21_14911078_14912413	3	2	4	172	18	344	36
chr21_14913431_14914603	1	0	0	188	22	376	44
chr21_14915344_14918294	14	10	20	849	129	1698	258
chr21_14918333_14919168	3	2	4	64	6	128	12
chr21_14926316_14927144	1	3	6	202	71	404	142
chr21_14927333_14927573	1	0	0	31	9	62	18
chr21_14955400_14957996	6	2	4	377	41	754	82
chr21_14958088_14958784	2	0	0	68	7	136	14
chr21_14964985_14965434	4	1	2	31	5	62	10
chr21_14980967_14981700	2	1	2	70	1	140	2
chr21_14996201_14996682	2	0	0	55	5	110	10
chr21_15004653_15005972	3	2	4	121	24	242	48
chr21_15006626_15007301	8	3	6	74	14	148	28
chr21_15010662_15011215	3	1	2	63	11	126	22
chr21_15015835_15016454	1	1	2	63	8	126	16
chr21_15022973_15023225	1	0	0	24	5	48	10
chr21_15028086_15028516	1	1	2	40	4	80	8
chr21_15047660_15048143	5	2	4	48	8	96	16
chr21_15050142_15052838	33	22	44	311	83	622	166
chr21_15053219_15053804	4	4	8	51	23	102	46
chr21_15054044_15054519	2	1	2	56	11	112	22
chr21_15054609_15054985	6	1	2	36	15	72	30
chr21_15056653_15066984	459	353	706	4223	814	8446	1628
chr21_15121304_15122885	9	1	2	392	106	784	212
chr21_15132305_15132819	1	1	2	53	10	106	20
chr21_15133029_15133536	4	0	0	55	8	110	16
chr21_15191816_15192840	1	1	2	194	61	388	122
chr21_15192918_15193332	1	0	0	43	14	86	28
chr21_15197291_15197509	1	0	0	19	2	38	4
chr21_15197844_15202228	11	3	6	2973	626	5946	1252
chr21_15202427_15205649	13	3	6	794	82	1588	164
chr21_15206684_15212686	23	4	8	3269	435	6538	870
chr21_15212762_15213230	1	0	0	51	11	102	22
chr21_15219662_15220919	8	2	4	266	36	532	72
chr21_15222234_15222552	1	0	0	22	2	44	4
chr21_15241887_15243180	3	1	2	164	31	328	62
chr21_15243387_15243752	4	0	0	40	13	80	26
chr21_15249524_15249864	9	1	2	3	0	6	0
chr21_15250327_15250672	3	7	14	6	4	12	8
chr21_15274335_15275503	2	0	0	186	37	372	74
chr21_15275741_15275987	3	0	0	20	5	40	10
chr21_15290388_15294931	11	10	20	1924	562	3848	1124
chr21_15342939_15343482	3	0	0	50	9	100	18
chr21_15370317_15371026	1	0	0	77	27	154	54
chr21_15406117_15408569	7	3	6	739	102	1478	204
chr21_15444401_15444943	4	2	4	59	6	118	12
chr21_15482697_15483318	0	0	0	89	16	178	32
chr21_15483432_15484051	0	1	2	61	8	122	16
chr21_15547078_15547664	0	0	0	71	10	142	20
chr21_15548216_15548708	1	0	0	41	5	82	10
chr21_15592528_15593019	1	1	2	59	15	118	30
chr21_15601434_15602848	4	0	0	155	23	310	46
chr21_15603405_15604568	1	1	2	307	25	614	50
chr21_15604713_15605825	4	1	2	233	23	466	46
chr21_15617366_15618072	3	0	0	180	21	360	42
chr21_15618198_15619210	3	0	0	259	10	518	20
chr21_15628255_15630205	0	0	0	379	48	758	96
chr21_15639339_15639909	1	1	2	52	7	104	14
chr21_15682447_15682921	5	1	2	67	15	134	30
chr21_15705866_15708288	2	2	4	588	108	1176	216
chr21_15721952_15723324	3	2	4	322	132	644	264
chr21_15726198_15726848	1	0	0	64	13	128	26
chr21_15728895_15729844	32	18	36	272	66	544	132
chr21_15729917_15732647	182	178	356	807	118	1614	236
chr21_15732721_15733090	12	5	10	50	14	100	28
chr21_15733199_15733601	9	11	22	36	5	72	10
chr21_15733858_15734432	13	17	34	26	5	52	10
chr21_15735245_15735902	5	15	30	40	12	80	24
chr21_15736186_15736398	6	4	8	19	3	38	6
chr21_15743422_15743799	14	8	16	8	1	16	2
chr21_15743843_15744401	22	11	22	15	5	30	10
chr21_15748678_15750258	63	71	142	185	40	370	80
chr21_15752978_15753490	28	7	14	19	2	38	4
chr21_15788548_15789275	4	1	2	133	9	266	18
chr21_15789314_15790324	2	2	4	124	19	248	38
chr21_15855581_15855902	5	2	4	11	1	22	2
chr21_16080114_16080607	0	0	0	59	19	118	38
chr21_16117400_16118486	0	0	0	116	65	232	130
chr21_16118575_16118828	0	0	0	2	8	4	16
chr21_16124642_16125467	2	0	0	68	39	136	78
chr21_16125524_16125815	0	1	2	6	11	12	22
chr21_16158142_16159305	1	0	0	141	67	282	134
chr21_16159313_16160356	4	1	2	142	89	284	178
chr21_16168394_16169242	0	0	0	33	43	66	86
chr21_16169402_16169970	0	0	0	59	34	118	68
chr21_16179355_16179817	0	1	2	47	22	94	44
chr21_16179983_16180579	1	1	2	66	23	132	46
chr21_16374835_16375483	1	0	0	58	8	116	16
chr21_16418589_16421298	1	1	2	831	356	1662	712
chr21_16522163_16522685	1	0	0	58	6	116	12
chr21_16586785_16587628	1	0	0	101	27	202	54
chr21_16587912_16588528	1	0	0	60	20	120	40
chr21_17088403_17089392	1	0	0	216	39	432	78
chr21_17089534_17090493	3	0	0	117	27	234	54
chr21_17105378_17106182	0	0	0	108	29	216	58
chr21_17106288_17107034	1	1	2	90	19	180	38
chr21_17127963_17128457	0	0	0	46	14	92	28
chr21_17263230_17264007	0	0	0	69	23	138	46
chr21_17264241_17264637	0	1	2	35	7	70	14
chr21_17266091_17267252	0	0	0	104	37	208	74
chr21_17370059_17371560	2	1	2	271	56	542	112
chr21_17371778_17372213	0	0	0	56	13	112	26
chr21_17372420_17372938	2	0	0	50	11	100	22
chr21_17440776_17441561	2	1	2	68	32	136	64
chr21_17441612_17442057	1	0	0	40	18	80	36
chr21_17454234_17454705	6	2	4	45	9	90	18
chr21_17527028_17527279	1	0	0	30	5	60	10
chr21_17610489_17612980	425	193	386	133	33	266	66
chr21_17688566_17690161	53	14	28	254	79	508	158
chr21_17690746_17691158	18	3	6	17	6	34	12
chr21_17759679_17760199	6	4	8	41	7	82	14
chr21_17818393_17820531	275	113	226	442	86	884	172
chr21_18716386_18717844	4	1	2	285	61	570	122
chr21_18717935_18718690	0	1	2	70	33	140	66
chr21_18759123_18760913	140	55	110	14	9	28	18
chr21_18770986_18773628	2	3	6	450	162	900	324
chr21_19433262_19433709	26	3	6	7	1	14	2
chr21_19440455_19440739	2	8	16	6	3	12	6
chr21_19440857_19441375	9	14	28	14	5	28	10
chr21_19456854_19457367	7	12	24	6	0	12	0
chr21_19458484_19459007	5	14	28	5	2	10	4
chr21_19459477_19460026	17	16	32	6	7	12	14
chr21_19461171_19462198	35	20	40	12	4	24	8
chr21_19487253_19487778	14	9	18	11	2	22	4
chr21_19489999_19490444	17	6	12	3	1	6	2
chr21_19490868_19493784	96	85	170	25	8	50	16
chr21_19527474_19527775	1	0	0	31	3	62	6
chr21_19528172_19529156	2	0	0	167	24	334	48
chr21_19529298_19530062	1	0	0	149	22	298	44
chr21_19541864_19542406	2	2	4	57	9	114	18
chr21_19565936_19566938	1	2	4	120	18	240	36
chr21_19567263_19567763	1	0	0	66	17	132	34
chr21_19589526_19590773	3	5	10	174	23	348	46
chr21_19593881_19594346	3	0	0	48	6	96	12
chr21_19602116_19603195	1	1	2	131	20	262	40
chr21_19603305_19603700	0	0	0	38	6	76	12
chr21_19606701_19607349	1	0	0	61	5	122	10
chr21_19607908_19608350	10	4	8	46	12	92	24
chr21_19620298_19620848	1	3	6	42	12	84	24
chr21_19621108_19622150	2	0	0	100	19	200	38
chr21_19899758_19900066	22	2	4	1	2	2	4
chr21_19998754_20000499	101	35	70	12	6	24	12
chr21_20048368_20048707	13	3	6	0	1	0	2
chr21_20086397_20086603	7	3	6	3	0	6	0
chr21_20257456_20259787	239	155	310	22	2	44	4
chr21_20329587_20331328	37	60	120	15	6	30	12
chr21_20998426_20998772	3	1	2	25	11	50	22
chr21_21027498_21029582	3	3	6	291	117	582	234
chr21_21029623_21030084	2	0	0	38	14	76	28
chr21_21043860_21044352	8	17	34	16	1	32	2
chr21_21062247_21065718	0	6	12	728	225	1456	450
chr21_21096637_21097175	2	1	2	94	24	188	48
chr21_21101543_21102094	1	2	4	50	6	100	12
chr21_21145608_21146159	18	17	34	13	3	26	6
chr21_21146237_21149475	173	300	600	69	18	138	36
chr21_21149589_21150939	18	62	124	12	5	24	10
chr21_21151090_21151933	17	47	94	9	7	18	14
chr21_21152000_21152325	2	13	26	6	1	12	2
chr21_21152405_21154393	90	102	204	25	6	50	12
chr21_21154573_21155180	6	18	36	14	2	28	4
chr21_21155829_21156289	5	11	22	10	4	20	8
chr21_21156732_21157433	14	19	38	11	7	22	14
chr21_21157494_21157863	5	12	24	12	5	24	10
chr21_21157913_21159099	61	39	78	13	7	26	14
chr21_21159237_21160289	24	22	44	12	6	24	12
chr21_21161450_21161627	8	4	8	2	1	4	2
chr21_21162052_21163494	20	49	98	40	8	80	16
chr21_21165215_21165629	6	10	20	7	2	14	4
chr21_21173331_21173615	1	5	10	7	1	14	2
chr21_21175166_21175449	10	1	2	5	3	10	6
chr21_21175646_21176353	9	25	50	19	9	38	18
chr21_21178827_21180204	38	43	86	32	10	64	20
chr21_21181588_21181790	5	6	12	6	1	12	2
chr21_21182717_21183126	4	9	18	6	3	12	6
chr21_21183257_21183982	36	19	38	11	2	22	4
chr21_21187341_21188306	15	36	72	18	8	36	16
chr21_21190242_21190563	4	7	14	9	4	18	8
chr21_21193081_21193493	5	10	20	7	5	14	10
chr21_21193863_21194682	4	20	40	11	7	22	14
chr21_21195345_21196008	6	17	34	8	6	16	12
chr21_21196058_21202406	559	521	1042	245	61	490	122
chr21_21237734_21240742	5	8	16	800	282	1600	564
chr21_21246806_21248248	3	0	0	213	63	426	126
chr21_21248312_21248680	0	0	0	35	4	70	8
chr21_21267996_21270873	7	7	14	393	132	786	264
chr21_21315108_21315920	8	0	0	75	10	150	20
chr21_21322556_21322852	3	0	0	27	2	54	4
chr21_21335344_21335928	3	0	0	53	21	106	42
chr21_21336139_21337070	3	0	0	77	33	154	66
chr21_21357184_21357791	0	1	2	73	9	146	18
chr21_21357925_21358717	2	0	0	121	20	242	40
chr21_21377613_21378063	4	0	0	43	9	86	18
chr21_21671122_21671682	0	0	0	59	12	118	24
chr21_21681813_21682421	0	0	0	112	25	224	50
chr21_21682509_21683780	1	0	0	162	51	324	102
chr21_21806342_21807364	0	1	2	101	61	202	122
chr21_21807502_21808232	0	0	0	102	61	204	122
chr21_21896937_21897794	0	0	0	134	32	268	64
chr21_21897853_21898640	3	0	0	103	22	206	44
chr21_22188824_22189561	15	21	42	10	2	20	4
chr21_22189638_22190667	81	87	174	13	5	26	10
chr21_22190810_22191077	9	10	20	1	1	2	2
chr21_22200688_22201021	12	3	6	6	1	12	2
chr21_22209421_22209861	24	36	72	2	3	4	6
chr21_22209907_22210663	98	61	122	4	4	8	8
chr21_22210730_22211575	22	28	56	9	4	18	8
chr21_22212334_22212703	4	6	12	6	2	12	4
chr21_22398791_22401549	2	1	2	360	101	720	202
chr21_22535774_22536611	2	2	4	119	70	238	140
chr21_22536708_22537510	0	0	0	69	64	138	128
chr21_22884268_22885643	1	0	0	169	26	338	52
chr21_23402324_23403009	1	0	0	67	40	134	80
chr21_23403614_23404236	0	0	0	56	26	112	52
chr21_23480999_23481536	0	1	2	39	18	78	36
chr21_23800935_23801254	8	7	14	4	2	8	4
chr21_23804957_23805127	7	0	0	0	1	0	2
chr21_23812215_23812754	48	16	32	2	0	4	0
chr21_23886755_23888604	87	63	126	15	7	30	14
chr21_23888713_23891015	73	69	138	24	13	48	26
chr21_23891525_23892775	32	51	102	4	3	8	6
chr21_23892974_23893687	33	23	46	2	3	4	6
chr21_23893766_23894681	18	24	48	8	1	16	2
chr21_23921088_23923737	78	110	220	14	8	28	16
chr21_24271075_24271397	16	5	10	3	1	6	2
chr21_24272061_24272525	24	4	8	5	1	10	2
chr21_24272692_24273351	38	16	32	3	3	6	6
chr21_24462033_24462209	5	1	2	2	0	4	0
chr21_25573264_25574056	4	5	10	122	27	244	54
chr21_25574222_25574915	0	0	0	73	16	146	32
chr21_25606610_25607862	91	44	88	357	59	714	118
chr21_25607934_25608374	18	10	20	34	9	68	18
chr21_25626245_25627605	6	1	2	256	14	512	28
chr21_25699771_25702403	15	6	12	1087	187	2174	374
chr21_25717820_25718108	20	4	8	10	4	20	8
chr21_25730090_25730428	14	2	4	11	2	22	4
chr21_25732657_25732861	7	0	0	12	2	24	4
chr21_25732964_25736756	838	368	736	1577	468	3154	936
chr21_25773005_25773324	3	1	2	29	11	58	22
chr21_25790221_25790948	8	2	4	106	27	212	54
chr21_25934701_25935456	1	1	2	71	19	142	38
chr21_25962790_25964280	2	1	2	140	27	280	54
chr21_26003076_26003550	0	1	2	34	4	68	8
chr21_26003603_26004199	1	0	0	54	7	108	14
chr21_26022246_26022886	3	1	2	83	14	166	28
chr21_26023034_26024150	1	0	0	157	17	314	34
chr21_26106273_26107381	4	1	2	113	11	226	22
chr21_26114218_26118448	5	2	4	1373	283	2746	566
chr21_26124256_26125299	3	0	0	103	17	206	34
chr21_26125375_26126032	1	0	0	81	12	162	24
chr21_26126125_26126656	0	0	0	40	1	80	2
chr21_26137866_26142030	9	2	4	1021	173	2042	346
chr21_26147928_26149748	5	1	2	257	34	514	68
chr21_26152966_26154672	0	2	4	258	58	516	116
chr21_26157792_26159900	2	3	6	304	51	608	102
chr21_26166443_26167050	0	1	2	93	24	186	48
chr21_26167087_26167597	0	0	0	67	13	134	26
chr21_26168640_26170759	5	1	2	469	202	938	404
chr21_26170902_26171156	0	1	2	11	9	22	18
chr21_26171234_26171628	1	0	0	12	18	24	36
chr21_26389903_26391106	2	0	0	110	18	220	36
chr21_27047014_27047842	0	1	2	82	17	164	34
chr21_28207427_28207939	0	0	0	54	25	108	50
chr21_28208025_28209352	1	0	0	137	63	274	126
chr21_28636467_28637037	0	0	0	85	8	170	16
chr21_28637381_28637811	1	0	0	40	6	80	12
chr21_28696648_28696972	1	0	0	33	8	66	16
chr21_28698717_28699695	1	1	2	156	37	312	74
chr21_28699732_28700299	2	3	6	86	20	172	40
chr21_28883900_28885790	269	223	446	312	94	624	188
chr21_28961490_28962037	3	1	2	61	14	122	28
chr21_28962163_28962786	3	1	2	60	8	120	16
chr21_28991748_28993989	443	224	448	652	186	1304	372
chr21_29002062_29003758	213	146	292	237	49	474	98
chr21_29017628_29020236	309	234	468	392	79	784	158
chr21_29023925_29026302	489	318	636	1014	245	2028	490
chr21_29026472_29026875	17	10	20	10	2	20	4
chr21_29026938_29027187	6	9	18	7	2	14	4
chr21_29033543_29034226	7	5	10	73	15	146	30
chr21_29071159_29071422	14	5	10	12	3	24	6
chr21_29071585_29074463	458	217	434	781	228	1562	456
chr21_29181695_29182735	5	3	6	157	24	314	48
chr21_29192965_29197414	31	9	18	1166	111	2332	222
chr21_29217936_29220494	16	10	20	617	134	1234	268
chr21_29298157_29298727	28	10	20	32	3	64	6
chr21_29298855_29301037	717	243	486	276	47	552	94
chr21_29302222_29303077	52	18	36	53	15	106	30
chr21_29304949_29306756	157	100	200	32	11	64	22
chr21_29306916_29307248	16	9	18	7	1	14	2
chr21_29313913_29314552	12	20	40	17	5	34	10
chr21_29314666_29317719	485	227	454	48	16	96	32
chr21_29356548_29356722	6	1	2	3	0	6	0
chr21_29356795_29357018	7	4	8	2	2	4	4
chr21_29357166_29357666	17	6	12	2	1	4	2
chr21_29378157_29379945	12	3	6	644	43	1288	86
chr21_29381359_29383200	9	3	6	425	60	850	120
chr21_29384792_29388101	15	4	8	906	115	1812	230
chr21_29395976_29396297	0	3	6	30	2	60	4
chr21_29416048_29416324	1	0	0	25	4	50	8
chr21_29416484_29416930	2	2	4	47	5	94	10
chr21_29428767_29429332	2	2	4	55	10	110	20
chr21_29432915_29433838	2	1	2	239	21	478	42
chr21_29433883_29434910	3	0	0	206	17	412	34
chr21_29634547_29635064	21	8	16	4	1	8	2
chr21_29637303_29637945	39	9	18	13	3	26	6
chr21_29639754_29640104	20	7	14	3	0	6	0
chr21_29640260_29643743	1057	245	490	24	10	48	20
chr21_29643838_29644300	15	14	28	6	2	12	4
chr21_29645766_29651322	1222	642	1284	48	18	96	36
chr21_29651432_29652332	28	23	46	8	3	16	6
chr21_29653089_29654505	76	55	110	11	4	22	8
chr21_29654616_29656322	125	63	126	11	9	22	18
chr21_29656348_29659136	589	378	756	30	14	60	28
chr21_29659990_29660543	27	12	24	10	2	20	4
chr21_29725082_29725321	12	5	10	3	1	6	2
chr21_30227367_30227702	2	1	2	31	11	62	22
chr21_30769132_30769462	0	1	2	28	20	56	40
chr21_30769965_30770775	4	1	2	79	29	158	58
chr21_31117033_31117447	1	1	2	36	8	72	16
chr21_31117498_31117918	4	0	0	35	3	70	6
chr21_31218526_31219870	2	0	0	253	84	506	168
chr21_31235824_31236182	0	1	2	28	4	56	8
chr21_31310037_31310974	4	1	2	125	22	250	44
chr21_31311090_31311616	1	0	0	50	34	100	68
chr21_31336460_31337023	3	0	0	54	14	108	28
chr21_31337647_31339046	10	1	2	207	31	414	62
chr21_31342692_31344317	4	0	0	287	69	574	138
chr21_31351060_31351524	1	3	6	64	13	128	26
chr21_31351702_31352244	0	0	0	81	11	162	22
chr21_31353983_31355529	5	0	0	293	87	586	174
chr21_31425063_31425557	0	0	0	54	8	108	16
chr21_31425602_31425918	0	0	0	34	1	68	2
chr21_31501473_31503044	7	0	0	209	57	418	114
chr21_31504839_31505141	0	1	2	26	5	52	10
chr21_31509118_31510441	10	3	6	208	77	416	154
chr21_31529660_31529992	1	0	0	36	4	72	8
chr21_31530610_31531858	3	1	2	176	48	352	96
chr21_31559153_31560424	2	1	2	281	76	562	152
chr21_31629356_31630174	5	2	4	166	26	332	52
chr21_31630247_31630746	2	0	0	59	36	118	72
chr21_31658754_31661354	331	146	292	503	186	1006	372
chr21_31661674_31661904	10	0	0	5	3	10	6
chr21_31713162_31713729	20	22	44	8	6	16	12
chr21_31713794_31715483	141	91	182	59	14	118	28
chr21_31715527_31716232	14	24	48	19	3	38	6
chr21_31716324_31717256	12	28	56	25	9	50	18
chr21_31728694_31729397	22	5	10	59	19	118	38
chr21_31730465_31732186	202	97	194	595	149	1190	298
chr21_31732218_31734158	322	149	298	438	118	876	236
chr21_31734458_31734736	13	3	6	5	0	10	0
chr21_31734835_31737388	246	93	186	40	7	80	14
chr21_31737536_31738626	94	45	90	14	4	28	8
chr21_31861928_31862269	1	0	0	29	5	58	10
chr21_31872508_31873580	1	0	0	92	32	184	64
chr21_31888262_31889991	6	3	6	464	87	928	174
chr21_31890131_31890825	2	0	0	55	9	110	18
chr21_31903974_31904403	1	1	2	34	9	68	18
chr21_31908112_31909017	1	1	2	80	15	160	30
chr21_31987388_31987689	2	2	4	21	4	42	8
chr21_32021303_32022405	4	0	0	128	28	256	56
chr21_32130555_32132822	25	5	10	670	85	1340	170
chr21_32174491_32174958	1	0	0	37	6	74	12
chr21_32278019_32279916	140	57	114	346	96	692	192
chr21_32300376_32300657	11	0	0	7	1	14	2
chr21_32317792_32318035	6	0	0	3	1	6	2
chr21_32338971_32340948	8	2	4	361	138	722	276
chr21_32346383_32352945	36	12	24	3957	1840	7914	3680
chr21_32359484_32360511	8	3	6	68	42	136	84
chr21_32364141_32365276	8	0	0	94	11	188	22
chr21_32367675_32369216	10	8	16	158	59	316	118
chr21_32381549_32382242	1	1	2	82	15	164	30
chr21_32382446_32383324	11	0	0	146	26	292	52
chr21_32391759_32394742	294	123	246	1311	334	2622	668
chr21_32411686_32412363	3	3	6	91	11	182	22
chr21_32412466_32414475	11	1	2	429	46	858	92
chr21_32414585_32415335	3	2	4	79	11	158	22
chr21_32454867_32455738	5	3	6	133	6	266	12
chr21_32455972_32456444	1	0	0	49	9	98	18
chr21_32457326_32457970	5	0	0	43	5	86	10
chr21_32483480_32483808	2	1	2	32	7	64	14
chr21_32494169_32496598	14	5	10	805	89	1610	178
chr21_32507347_32507621	6	1	2	12	2	24	4
chr21_32516416_32516705	4	3	6	24	2	48	4
chr21_32520876_32521515	10	1	2	61	3	122	6
chr21_32533232_32533671	12	0	0	7	2	14	4
chr21_32545255_32547237	355	184	368	29	7	58	14
chr21_32547290_32547906	49	28	56	8	3	16	6
chr21_32548809_32549468	29	14	28	9	1	18	2
chr21_32569067_32570294	45	6	12	333	73	666	146
chr21_32586675_32587208	21	7	14	5	1	10	2
chr21_32595358_32595518	6	0	0	4	1	8	2
chr21_32610990_32611312	14	2	4	11	3	22	6
chr21_32611378_32614238	506	215	430	1477	367	2954	734
chr21_32646223_32646408	1	6	12	2	2	4	4
chr21_32660884_32661721	5	2	4	95	31	190	62
chr21_32726540_32729053	154	111	222	898	226	1796	452
chr21_32732218_32733240	3	4	8	104	11	208	22
chr21_32770097_32773168	254	191	382	1089	264	2178	528
chr21_32802724_32802987	7	0	0	0	0	0	0
chr21_33010574_33011680	6	0	0	410	103	820	206
chr21_33011762_33012324	3	0	0	97	30	194	60
chr21_33078650_33079858	20	2	4	199	51	398	102
chr21_33215572_33216354	35	16	32	12	5	24	10
chr21_33227046_33227528	9	4	8	45	9	90	18
chr21_33227612_33228106	6	3	6	68	14	136	28
chr21_33229881_33230993	49	31	62	166	39	332	78
chr21_33231156_33231405	2	5	10	24	6	48	12
chr21_33265443_33267439	68	36	72	272	51	544	102
chr21_33268524_33269712	11	2	4	151	27	302	54
chr21_33286302_33287254	10	1	2	84	12	168	24
chr21_33293973_33294722	5	2	4	84	28	168	56
chr21_33299009_33299538	4	0	0	52	1	104	2
chr21_33300837_33302220	79	13	26	122	12	244	24
chr21_33303921_33305704	132	29	58	23	10	46	20
chr21_33323956_33326164	254	192	384	1149	329	2298	658
chr21_33330957_33332830	86	60	120	22	9	44	18
chr21_33361493_33362323	12	5	10	71	22	142	44
chr21_33373472_33374541	5	1	2	128	24	256	48
chr21_33374902_33375287	1	1	2	33	7	66	14
chr21_33379715_33380763	49	7	14	196	39	392	78
chr21_33380846_33381122	7	0	0	28	6	56	12
chr21_33382612_33383945	71	18	36	213	55	426	110
chr21_33398994_33399156	5	0	0	0	0	0	0
chr21_33403472_33405604	96	48	96	471	130	942	260
chr21_33417046_33418718	11	2	4	274	69	548	138
chr21_33421427_33421650	9	1	2	4	0	8	0
chr21_33428532_33429854	6	2	4	151	22	302	44
chr21_33434577_33435470	23	1	2	91	52	182	104
chr21_33441778_33442128	1	0	0	25	11	50	22
chr21_33442428_33442772	3	0	0	24	5	48	10
chr21_33451995_33452540	8	2	4	37	11	74	22
chr21_33478277_33479982	137	76	152	663	210	1326	420
chr21_33480120_33481199	61	41	82	312	93	624	186
chr21_33490959_33492265	161	39	78	132	35	264	70
chr21_33505833_33506089	6	6	12	1	1	2	2
chr21_33539902_33540279	11	8	16	17	3	34	6
chr21_33540487_33545474	1352	773	1546	2815	1014	5630	2028
chr21_33552431_33552696	11	1	2	8	1	16	2
chr21_33579320_33579573	19	13	26	24	6	48	12
chr21_33584270_33584730	14	11	22	5	6	10	12
chr21_33587583_33589649	209	114	228	637	177	1274	354
chr21_33640832_33642994	248	125	250	767	239	1534	478
chr21_33643126_33644082	6	4	8	110	21	220	42
chr21_33655256_33656534	7	3	6	209	38	418	76
chr21_33677881_33679115	2	2	4	300	52	600	104
chr21_33679213_33679795	0	0	0	102	23	204	46
chr21_33682627_33683408	3	1	2	89	20	178	40
chr21_33751087_33751316	7	7	14	7	4	14	8
chr21_33754544_33754764	7	0	0	2	3	4	6
chr21_33760942_33763691	47	30	60	728	138	1456	276
chr21_33773925_33775962	7	6	12	269	80	538	160
chr21_33801212_33803164	5	2	4	557	171	1114	342
chr21_33912547_33913087	5	12	24	13	2	26	4
chr21_33914461_33915912	252	164	328	208	42	416	84
chr21_33915961_33916476	52	24	48	32	11	64	22
chr21_33916563_33916728	8	1	2	4	2	8	4
chr21_33924392_33924784	3	1	2	27	16	54	32
chr21_33931441_33932510	91	43	86	45	17	90	34
chr21_33946687_33949473	438	117	234	1366	604	2732	1208
chr21_33951923_33952099	8	1	2	1	2	2	4
chr21_33975317_33977749	422	187	374	28	13	56	26
chr21_33977891_33978182	14	3	6	5	0	10	0
chr21_34030259_34030689	14	7	14	8	6	16	12
chr21_34072614_34073424	24	23	46	69	30	138	60
chr21_34073543_34073903	42	18	36	94	27	188	54
chr21_34073977_34075221	92	42	84	240	65	480	130
chr21_34082132_34082707	3	2	4	89	9	178	18
chr21_34082766_34083481	8	3	6	107	10	214	20
chr21_34086318_34087850	28	7	14	220	23	440	46
chr21_34110170_34111786	124	44	88	21	16	42	32
chr21_34190116_34190605	31	2	4	21	4	42	8
chr21_34190703_34191354	39	5	10	11	11	22	22
chr21_34227543_34227772	6	0	0	0	1	0	2
chr21_34367730_34368084	1	0	0	41	7	82	14
chr21_34522795_34523140	3	0	0	26	6	52	12
chr21_34526006_34527823	10	6	12	553	63	1106	126
chr21_34535365_34535866	0	1	2	36	6	72	12
chr21_34536121_34537496	7	4	8	167	11	334	22
chr21_34544251_34546281	55	6	12	372	24	744	48
chr21_34551970_34552373	4	1	2	35	1	70	2
chr21_34568974_34570154	3	0	0	108	13	216	26
chr21_34591923_34592498	28	3	6	2	1	4	2
chr21_34615408_34615636	12	2	4	15	6	30	12
chr21_34648246_34648665	1	0	0	33	6	66	12
chr21_34689831_34693343	21	3	6	567	178	1134	356
chr21_34693529_34693910	4	1	2	37	6	74	12
chr21_34726352_34727309	8	2	4	72	13	144	26
chr21_34727969_34729674	8	1	2	345	38	690	76
chr21_34733503_34738213	14	8	16	1376	204	2752	408
chr21_34743219_34744692	9	0	0	291	28	582	56
chr21_34744862_34745595	6	1	2	56	11	112	22
chr21_34774306_34774949	1	2	4	65	6	130	12
chr21_34775071_34775343	1	0	0	31	3	62	6
chr21_34794299_34797215	56	5	10	395	78	790	156
chr21_34807571_34808579	17	4	8	103	17	206	34
chr21_34817077_34817472	16	2	4	8	6	16	12
chr21_34823953_34824246	0	1	2	31	13	62	26
chr21_34824584_34825005	4	1	2	62	15	124	30
chr21_34836515_34837010	12	5	10	60	13	120	26
chr21_34845266_34848021	17	10	20	976	423	1952	846
chr21_34863697_34867190	54	10	20	994	249	1988	498
chr21_34867422_34868238	12	2	4	78	9	156	18
chr21_34870053_34870653	9	0	0	44	17	88	34
chr21_34871068_34871494	5	0	0	33	0	66	0
chr21_34874970_34887230	227	116	232	3708	1141	7416	2282
chr21_34887277_34890719	338	257	514	2173	315	4346	630
chr21_34904390_34910835	618	463	926	95	46	190	92
chr21_34940776_34941205	20	2	4	5	4	10	8
chr21_34967318_34968697	64	5	10	337	70	674	140
chr21_34982897_34983260	37	8	16	7	5	14	10
chr21_34983591_34983841	18	4	8	6	3	12	6
chr21_34992992_34993282	11	3	6	6	0	12	0
chr21_34993469_34993904	29	1	2	2	0	4	0
chr21_34994804_34995365	26	18	36	6	0	12	0
chr21_34995418_34997067	129	70	140	19	7	38	14
chr21_34997142_34998172	67	24	48	18	1	36	2
chr21_34998237_34998450	7	6	12	3	0	6	0
chr21_34999367_35000004	33	11	22	8	3	16	6
chr21_35003038_35003476	24	10	20	6	2	12	4
chr21_35025557_35029420	450	303	606	48	10	96	20
chr21_35029478_35029736	12	4	8	1	1	2	2
chr21_35046902_35049354	128	63	126	220	48	440	96
chr21_35050757_35052506	92	63	126	313	46	626	92
chr21_35100622_35100994	16	9	18	2	3	4	6
chr21_35102380_35103798	70	60	120	22	11	44	22
chr21_35104433_35105180	18	32	64	12	4	24	8
chr21_35105240_35107676	348	225	450	21	5	42	10
chr21_35113017_35113255	3	6	12	6	1	12	2
chr21_35136218_35137773	17	10	20	322	30	644	60
chr21_35138685_35139427	40	14	28	19	5	38	10
chr21_35163398_35164048	0	1	2	40	11	80	22
chr21_35190255_35190599	2	0	0	33	8	66	16
chr21_35197473_35198969	3	5	10	193	40	386	80
chr21_35203600_35203858	17	2	4	5	3	10	6
chr21_35204699_35207814	232	107	214	536	96	1072	192
chr21_35215606_35217713	12	3	6	1418	196	2836	392
chr21_35217771_35219412	7	4	8	1095	127	2190	254
chr21_35221842_35224165	19	1	2	517	107	1034	214
chr21_35224874_35228258	13	8	16	975	186	1950	372
chr21_35229034_35229579	10	3	6	49	11	98	22
chr21_35230382_35234814	20	8	16	1355	235	2710	470
chr21_35242286_35245573	10	3	6	1108	202	2216	404
chr21_35245658_35245949	1	1	2	24	2	48	4
chr21_35248046_35251371	9	5	10	1181	188	2362	376
chr21_35252656_35258558	21	19	38	3667	872	7334	1744
chr21_35259666_35260152	3	2	4	45	8	90	16
chr21_35260727_35263597	8	4	8	624	76	1248	152
chr21_35265223_35267242	11	3	6	244	58	488	116
chr21_35272362_35277086	24	6	12	1436	267	2872	534
chr21_35283230_35283415	3	4	8	3	0	6	0
chr21_35344096_35344707	5	2	4	72	6	144	12
chr21_35356558_35358282	6	7	14	263	18	526	36
chr21_35367922_35368465	1	3	6	49	11	98	22
chr21_35400665_35401062	2	0	0	56	5	112	10
chr21_35470679_35470891	5	7	14	2	1	4	2
chr21_35475591_35476168	15	13	26	6	5	12	10
chr21_35476525_35476872	16	4	8	8	0	16	0
chr21_35482381_35483135	45	7	14	8	3	16	6
chr21_35483336_35484332	49	24	48	6	5	12	10
chr21_35484780_35485112	12	6	12	3	1	6	2
chr21_35511401_35512060	2	0	0	64	20	128	40
chr21_35547478_35548775	103	33	66	8	5	16	10
chr21_35564836_35566005	24	2	4	137	15	274	30
chr21_35613605_35614722	11	1	2	280	33	560	66
chr21_35614849_35615614	13	3	6	190	27	380	54
chr21_35675110_35675435	2	0	0	23	1	46	2
chr21_35675893_35678674	11	1	2	1128	109	2256	218
chr21_35820289_35820580	7	0	0	0	0	0	0
chr21_35911084_35911597	2	0	0	67	10	134	20
chr21_35911655_35912325	1	0	0	121	17	242	34
chr21_35952714_35953016	1	0	0	26	4	52	8
chr21_35953087_35954556	1	2	4	254	34	508	68
chr21_36059000_36061364	251	157	314	1163	448	2326	896
chr21_36069169_36069864	15	16	32	88	11	176	22
chr21_36069961_36070498	13	10	20	53	17	106	34
chr21_36072614_36074161	15	2	4	171	51	342	102
chr21_36076895_36077131	14	1	2	6	5	12	10
chr21_36079119_36079917	63	23	46	13	8	26	16
chr21_36079966_36080158	8	0	0	1	4	2	8
chr21_36112381_36114748	10	8	16	480	144	960	288
chr21_36116738_36117130	1	0	0	38	8	76	16
chr21_36117280_36117989	3	0	0	127	25	254	50
chr21_36125381_36127566	18	5	10	691	159	1382	318
chr21_36133970_36137238	14	3	6	1467	327	2934	654
chr21_36141150_36141579	0	0	0	61	5	122	10
chr21_36141587_36143020	3	2	4	498	92	996	184
chr21_36143882_36144336	2	1	2	37	4	74	8
chr21_36153245_36153696	2	0	0	76	9	152	18
chr21_36154848_36156419	16	4	8	813	149	1626	298
chr21_36156713_36157899	5	3	6	420	77	840	154
chr21_36163829_36164922	8	3	6	151	33	302	66
chr21_36186546_36189901	10	5	10	1337	222	2674	444
chr21_36190513_36191107	4	0	0	54	8	108	16
chr21_36191770_36195331	19	3	6	1541	177	3082	354
chr21_36197228_36199654	13	2	4	733	101	1466	202
chr21_36201536_36204644	12	5	10	904	157	1808	314
chr21_36207523_36208089	6	0	0	44	7	88	14
chr21_36209386_36211171	8	5	10	554	144	1108	288
chr21_36234959_36235389	4	0	0	43	7	86	14
chr21_36245540_36246669	6	0	0	136	28	272	56
chr21_36253814_36254859	5	2	4	152	15	304	30
chr21_36260283_36260653	9	4	8	49	11	98	22
chr21_36266915_36267991	6	1	2	118	8	236	16
chr21_36268333_36268826	0	0	0	52	2	104	4
chr21_36296876_36299778	49	8	16	928	217	1856	434
chr21_36302201_36302729	2	0	0	53	8	106	16
chr21_36319333_36323475	376	257	514	1530	524	3060	1048
chr21_36327327_36327589	12	5	10	11	0	22	0
chr21_36329734_36330462	9	3	6	56	9	112	18
chr21_36330616_36331095	3	4	8	52	21	104	42
chr21_36332895_36333940	7	5	10	158	42	316	84
chr21_36385372_36386202	26	27	54	129	15	258	30
chr21_36396978_36397221	13	1	2	4	1	8	2
chr21_36401701_36403354	5	1	2	615	252	1230	504
chr21_36429208_36431189	116	10	20	390	107	780	214
chr21_36470305_36472501	11	3	6	404	190	808	380
chr21_36478332_36479319	10	1	2	155	40	310	80
chr21_36499198_36501311	4	1	2	432	70	864	140
chr21_36508579_36512342	15	6	12	1540	510	3080	1020
chr21_36586513_36588430	3	0	0	565	184	1130	368
chr21_36588578_36589118	3	1	2	50	4	100	8
chr21_36612649_36613843	7	1	2	171	31	342	62
chr21_36647364_36648477	7	2	4	137	92	274	184
chr21_36699198_36699843	1	0	0	73	20	146	40
chr21_36747160_36747757	0	1	2	50	12	100	24
chr21_36748034_36748687	2	0	0	68	3	136	6
chr21_36755595_36757828	5	2	4	357	41	714	82
chr21_36783751_36784790	7	1	2	84	11	168	22
chr21_36787827_36788887	6	2	4	116	29	232	58
chr21_36846317_36847378	3	1	2	234	35	468	70
chr21_36859594_36860300	33	30	60	43	4	86	8
chr21_36860450_36861338	35	39	78	58	16	116	32
chr21_36888680_36888866	7	2	4	1	0	2	0
chr21_36907851_36909992	14	4	8	590	43	1180	86
chr21_36910099_36911571	8	1	2	325	19	650	38
chr21_36912828_36913150	2	3	6	26	2	52	4
chr21_36916800_36918391	3	6	12	336	27	672	54
chr21_36959652_36960006	11	2	4	7	1	14	2
chr21_36964489_36966714	372	158	316	546	76	1092	152
chr21_36966775_36967728	51	28	56	323	49	646	98
chr21_36974122_36974612	29	8	16	25	7	50	14
chr21_36974670_36975137	25	4	8	13	0	26	0
chr21_36989225_36991020	230	89	178	432	100	864	200
chr21_37006936_37007384	3	0	0	36	12	72	24
chr21_37009765_37010017	11	0	0	13	7	26	14
chr21_37010114_37010494	7	1	2	29	4	58	8
chr21_37018253_37018431	10	2	4	7	0	14	0
chr21_37046436_37047789	8	0	0	212	77	424	154
chr21_37059922_37061380	6	0	0	300	85	600	170
chr21_37070795_37075103	571	244	488	3052	1021	6104	2042
chr21_37086957_37087764	25	16	32	74	9	148	18
chr21_37127736_37128494	4	1	2	57	16	114	32
chr21_37157405_37157720	18	7	14	7	4	14	8
chr21_37175946_37177852	32	4	8	441	103	882	206
chr21_37207870_37208768	39	7	14	18	4	36	8
chr21_37220059_37221857	74	44	88	536	137	1072	274
chr21_37230490_37231539	6	2	4	93	12	186	24
chr21_37256034_37256346	3	1	2	24	3	48	6
chr21_37256446_37260728	34	3	6	2397	620	4794	1240
chr21_37263458_37271831	520	291	582	4245	786	8490	1572
chr21_37337783_37338195	3	3	6	34	9	68	18
chr21_37338253_37339965	250	67	134	470	63	940	126
chr21_37341309_37341703	1	1	2	27	1	54	2
chr21_37356716_37357118	26	11	22	15	3	30	6
chr21_37364464_37366309	278	232	464	1392	312	2784	624
chr21_37366366_37372845	761	724	1448	2857	680	5714	1360
chr21_37373323_37373875	30	16	32	38	7	76	14
chr21_37374136_37374414	9	10	20	21	7	42	14
chr21_37374841_37375171	14	9	18	25	5	50	10
chr21_37378253_37379491	61	66	132	44	4	88	8
chr21_37379816_37381526	34	27	54	311	76	622	152
chr21_37408858_37409043	8	1	2	3	1	6	2
chr21_37414439_37414697	5	7	14	7	3	14	6
chr21_37414881_37415169	10	5	10	8	1	16	2
chr21_37419606_37420047	3	12	24	7	2	14	4
chr21_37425706_37426473	24	18	36	21	4	42	8
chr21_37434771_37435158	2	2	4	67	10	134	20
chr21_37435396_37435957	6	5	10	78	20	156	40
chr21_37446619_37447240	33	3	6	44	14	88	28
chr21_37447455_37447748	8	7	14	10	3	20	6
chr21_37449595_37451185	201	74	148	236	77	472	154
chr21_37451509_37451709	11	2	4	5	1	10	2
chr21_37451897_37452111	13	3	6	11	3	22	6
chr21_37454924_37456362	113	31	62	167	49	334	98
chr21_37457658_37459522	42	10	20	325	62	650	124
chr21_37460241_37460642	1	4	8	30	10	60	20
chr21_37463362_37463903	9	7	14	91	24	182	48
chr21_37466769_37467219	1	0	0	62	19	124	38
chr21_37467324_37467587	2	1	2	39	3	78	6
chr21_37477416_37477750	11	4	8	6	1	12	2
chr21_37503083_37503642	2	1	2	46	30	92	60
chr21_37509463_37509803	14	4	8	11	5	22	10
chr21_37513767_37514465	17	7	14	64	20	128	40
chr21_37532744_37534029	13	1	2	99	75	198	150
chr21_37536816_37537715	39	19	38	9	3	18	6
chr21_37550693_37550996	8	7	14	7	1	14	2
chr21_37562142_37562577	19	13	26	11	5	22	10
chr21_37562761_37566510	677	141	282	2905	1174	5810	2348
chr21_37566576_37567420	29	15	30	32	6	64	12
chr21_37635999_37636644	4	1	2	96	16	192	32
chr21_37636819_37637226	0	1	2	45	11	90	22
chr21_37658801_37659698	17	1	2	73	15	146	30
chr21_37765162_37765695	2	1	2	40	10	80	20
chr21_38079860_38080251	5	8	16	13	10	26	20
chr21_38087762_38091009	319	312	624	54	38	108	76
chr21_38091785_38091997	10	4	8	3	2	6	4
chr21_38111785_38115330	260	202	404	98	30	196	60
chr21_38119358_38119782	9	16	32	26	6	52	12
chr21_38119835_38122613	613	280	560	85	30	170	60
chr21_38129413_38130520	9	3	6	221	74	442	148
chr21_38136028_38136698	0	3	6	133	28	266	56
chr21_38137493_38138056	1	1	2	117	24	234	48
chr21_38138266_38142741	14	13	26	4561	1527	9122	3054
chr21_38147353_38148910	6	3	6	359	46	718	92
chr21_38170463_38171156	2	0	0	115	31	230	62
chr21_38171896_38172449	3	0	0	96	9	192	18
chr21_38219362_38221198	205	78	156	61	21	122	42
chr21_38227889_38228861	1	0	0	138	26	276	52
chr21_38234002_38234925	2	2	4	319	47	638	94
chr21_38234968_38235817	4	1	2	266	31	532	62
chr21_38343217_38343859	2	2	4	178	43	356	86
chr21_38343920_38344382	5	0	0	109	30	218	60
chr21_38374628_38375348	2	0	0	187	25	374	50
chr21_38375510_38376436	2	1	2	225	41	450	82
chr21_38414493_38414946	3	1	2	70	14	140	28
chr21_38457633_38461155	11	2	4	1425	455	2850	910
chr21_38596104_38596904	7	0	0	109	38	218	76
chr21_38636094_38637330	2	1	2	253	20	506	40
chr21_38755202_38756539	7	2	4	316	38	632	76
chr21_38784287_38785239	4	2	4	154	46	308	92
chr21_38786997_38787533	4	2	4	193	25	386	50
chr21_38787625_38788811	14	12	24	861	260	1722	520
chr21_38793654_38794237	2	0	0	120	12	240	24
chr21_38794406_38794892	2	0	0	62	12	124	24
chr21_38796784_38799309	114	39	78	901	137	1802	274
chr21_38801805_38802894	15	3	6	331	54	662	108
chr21_38802943_38808164	158	113	226	2724	451	5448	902
chr21_38809295_38809840	8	3	6	64	7	128	14
chr21_38814217_38815112	6	2	4	268	39	536	78
chr21_38815153_38815844	1	2	4	223	57	446	114
chr21_38817489_38821818	20	4	8	2494	716	4988	1432
chr21_38830960_38831681	37	6	12	197	53	394	106
chr21_38831739_38832484	41	3	6	158	35	316	70
chr21_38838725_38840991	57	3	6	691	136	1382	272
chr21_38849776_38850069	13	5	10	12	1	24	2
chr21_38850341_38850824	30	14	28	12	7	24	14
chr21_38851140_38851421	16	9	18	17	6	34	12
chr21_38852450_38852662	12	4	8	16	3	32	6
chr21_38852799_38853447	13	1	2	134	20	268	40
chr21_38853588_38854382	5	1	2	259	26	518	52
chr21_38857050_38857340	13	4	8	13	2	26	4
chr21_38903295_38904004	3	0	0	88	23	176	46
chr21_38904217_38904511	0	0	0	40	9	80	18
chr21_38905798_38906466	3	0	0	117	16	234	32
chr21_38906512_38915354	88	8	16	5053	890	10106	1780
chr21_38915501_38915997	1	0	0	79	10	158	20
chr21_38916650_38917215	0	0	0	84	20	168	40
chr21_38917307_38917652	2	0	0	70	17	140	34
chr21_38920867_38921596	3	0	0	93	22	186	44
chr21_38933759_38933954	7	0	0	5	1	10	2
chr21_38958777_38959668	19	6	12	108	23	216	46
chr21_38965195_38967105	29	8	16	795	132	1590	264
chr21_38993736_38994138	0	0	0	49	7	98	14
chr21_39030657_39031130	2	0	0	82	5	164	10
chr21_39047700_39048147	1	1	2	79	6	158	12
chr21_39071184_39072922	7	3	6	553	107	1106	214
chr21_39082017_39082714	4	1	2	141	16	282	32
chr21_39082914_39083804	8	2	4	135	28	270	56
chr21_39083962_39084497	5	0	0	67	19	134	38
chr21_39089481_39089858	5	0	0	37	9	74	18
chr21_39094240_39095315	15	1	2	380	31	760	62
chr21_39095356_39096917	7	2	4	546	75	1092	150
chr21_39175672_39176017	13	2	4	13	2	26	4
chr21_39182010_39184949	456	247	494	1144	350	2288	700
chr21_39208507_39209658	105	61	122	60	11	120	22
chr21_39311788_39315180	493	244	488	2588	899	5176	1798
chr21_39315654_39323633	383	134	268	4363	596	8726	1192
chr21_39346454_39349148	209	103	206	1420	423	2840	846
chr21_39349305_39351599	398	253	506	1705	917	3410	1834
chr21_39363575_39364043	20	20	40	15	4	30	8
chr21_39370378_39371207	45	15	30	31	6	62	12
chr21_39377454_39377813	30	4	8	15	5	30	10
chr21_39379543_39381669	94	64	128	868	253	1736	506
chr21_39386128_39386474	4	0	0	44	13	88	26
chr21_39387142_39387689	27	24	48	123	46	246	92
chr21_39387751_39389180	125	63	126	394	155	788	310
chr21_39419932_39420461	19	16	32	9	3	18	6
chr21_39420643_39420979	5	15	30	13	5	26	10
chr21_39421666_39423218	109	94	188	155	51	310	102
chr21_39423290_39423468	9	3	6	14	3	28	6
chr21_39428276_39428484	1	4	8	6	5	12	10
chr21_39429452_39429881	21	7	14	14	5	28	10
chr21_39429920_39431454	159	81	162	57	18	114	36
chr21_39444641_39446657	256	119	238	1421	556	2842	1112
chr21_39450624_39453341	237	68	136	332	363	664	726
chr21_39527195_39528837	10	2	4	363	61	726	122
chr21_39562877_39563643	2	0	0	97	18	194	36
chr21_39579313_39580620	5	1	2	359	130	718	260
chr21_39633264_39633950	1	2	4	66	44	132	88
chr21_39634120_39634521	4	0	0	40	24	80	48
chr21_39638925_39639331	3	2	4	51	27	102	54
chr21_39666096_39667906	4	0	0	477	112	954	224
chr21_39675421_39677102	9	2	4	455	82	910	164
chr21_39682126_39682537	1	0	0	81	12	162	24
chr21_39735934_39739354	9	1	2	1674	91	3348	182
chr21_39741646_39744052	5	0	0	877	119	1754	238
chr21_39762936_39763803	3	1	2	147	16	294	32
chr21_39763850_39764476	2	0	0	97	14	194	28
chr21_39788572_39788989	1	0	0	92	35	184	70
chr21_39805526_39806140	0	1	2	156	18	312	36
chr21_39806906_39808696	4	2	4	470	95	940	190
chr21_39851224_39853610	9	4	8	852	424	1704	848
chr21_39862855_39863393	0	2	4	61	61	122	122
chr21_39986023_39986342	7	0	0	3	0	6	0
chr21_40045565_40045949	1	0	0	46	6	92	12
chr21_40046806_40047288	0	0	0	65	13	130	26
chr21_40047522_40048244	0	0	0	109	33	218	66
chr21_40053501_40055812	8	3	6	757	211	1514	422
chr21_40069241_40072454	1	1	2	1695	343	3390	686
chr21_40072529_40076381	6	6	12	1450	174	2900	348
chr21_40117875_40119480	3	1	2	379	47	758	94
chr21_40120767_40121015	0	1	2	40	2	80	4
chr21_40143674_40145511	3	1	2	336	108	672	216
chr21_40146079_40147067	1	0	0	175	54	350	108
chr21_40147105_40147503	1	1	2	64	13	128	26
chr21_40165446_40166600	2	0	0	234	38	468	76
chr21_40166656_40167644	0	0	0	214	38	428	76
chr21_40182095_40182568	2	1	2	53	5	106	10
chr21_40216378_40217040	2	1	2	95	21	190	42
chr21_40245574_40246138	1	0	0	83	8	166	16
chr21_40258462_40259228	0	1	2	84	9	168	18
chr21_40278335_40278827	0	0	0	80	16	160	32
chr21_40284043_40284629	1	1	2	84	14	168	28
chr21_40301259_40301848	2	0	0	64	3	128	6
chr21_40308327_40308776	1	0	0	69	9	138	18
chr21_40308847_40309955	0	0	0	163	27	326	54
chr21_40310231_40310840	2	0	0	83	23	166	46
chr21_40310895_40311572	1	0	0	108	19	216	38
chr21_40312123_40329494	17	7	14	18486	7266	36972	14532
chr21_40329673_40330081	2	0	0	116	25	232	50
chr21_40330502_40343892	21	9	18	16197	7124	32394	14248
chr21_40344345_40345432	0	2	4	188	44	376	88
chr21_40350531_40350790	0	0	0	40	8	80	16
chr21_40351331_40351803	2	1	2	87	17	174	34
chr21_40366721_40368871	3	1	2	599	308	1198	616
chr21_40372076_40376172	6	2	4	1503	456	3006	912
chr21_40377204_40378288	1	1	2	200	41	400	82
chr21_40378794_40389721	12	7	14	14493	7672	28986	15344
chr21_40389825_40390218	0	0	0	57	5	114	10
chr21_40402973_40405772	6	2	4	1543	361	3086	722
chr21_40416031_40416882	0	0	0	169	49	338	98
chr21_40443951_40446658	4	2	4	1086	282	2172	564
chr21_40507332_40509655	2	0	0	950	540	1900	1080
chr21_40554156_40554601	1	0	0	72	14	144	28
chr21_40660153_40660612	0	0	0	86	11	172	22
chr21_40660650_40661253	1	1	2	146	21	292	42
chr21_40840062_40841554	4	0	0	256	88	512	176
chr21_40841703_40842079	0	0	0	67	28	134	56
chr21_40886768_40887482	5	0	0	118	17	236	34
chr21_40923120_40923401	0	1	2	35	7	70	14
chr21_40976142_40977343	1	0	0	203	30	406	60
chr21_41023687_41025529	3	0	0	344	31	688	62
chr21_41028697_41030191	4	0	0	289	65	578	130
chr21_41112313_41114450	7	3	6	953	128	1906	256
chr21_41140582_41140975	2	0	0	41	4	82	8
chr21_41141951_41142262	0	0	0	44	3	88	6
chr21_41164913_41165963	5	1	2	242	70	484	140
chr21_41167333_41168060	1	0	0	215	54	430	108
chr21_41217487_41218565	5	0	0	165	40	330	80
chr21_41219644_41220605	2	1	2	350	82	700	164
chr21_41321963_41322684	3	0	0	111	31	222	62
chr21_41366901_41367577	2	2	4	104	22	208	44
chr21_41396057_41397850	6	0	0	466	152	932	304
chr21_41418155_41418485	0	0	0	39	3	78	6
chr21_41418682_41419269	0	0	0	70	17	140	34
chr21_41419707_41421123	4	0	0	666	113	1332	226
chr21_41465628_41465990	0	0	0	40	5	80	10
chr21_41466378_41466760	0	0	0	36	11	72	22
chr21_41478472_41478913	1	0	0	51	7	102	14
chr21_41499117_41501412	14	0	0	676	89	1352	178
chr21_41501563_41502142	2	1	2	97	13	194	26
chr21_41506127_41508134	3	0	0	760	82	1520	164
chr21_41508328_41508789	0	0	0	50	6	100	12
chr21_41514685_41514850	4	0	0	6	1	12	2
chr21_41520053_41521807	2	1	2	269	39	538	78
chr21_41529862_41530281	0	1	2	70	3	140	6
chr21_41535297_41537999	7	3	6	1582	381	3164	762
chr21_41582741_41584256	6	4	8	630	111	1260	222
chr21_41585102_41585563	14	2	4	29	2	58	4
chr21_41601373_41602194	4	1	2	94	18	188	36
chr21_41605295_41606238	5	0	0	116	26	232	52
chr21_41612407_41613848	6	1	2	308	33	616	66
chr21_41629480_41635838	22	4	8	2199	271	4398	542
chr21_41663917_41664323	1	0	0	48	11	96	22
chr21_41677251_41686436	60	6	12	8430	1701	16860	3402
chr21_41687092_41688506	9	0	0	293	80	586	160
chr21_41694076_41694382	8	0	0	5	1	10	2
chr21_41703663_41705300	8	3	6	519	102	1038	204
chr21_41707163_41708312	3	2	4	317	48	634	96
chr21_41714883_41717272	10	3	6	944	59	1888	118
chr21_41726494_41727961	11	0	0	336	42	672	84
chr21_41750932_41752599	8	1	2	476	72	952	144
chr21_41760528_41762781	6	0	0	1195	258	2390	516
chr21_41764686_41766172	2	1	2	232	40	464	80
chr21_41766249_41769342	5	2	4	949	139	1898	278
chr21_41779276_41779935	2	0	0	107	8	214	16
chr21_41782522_41785172	13	2	4	1125	182	2250	364
chr21_41785693_41787919	8	2	4	945	173	1890	346
chr21_41816859_41817281	0	3	6	75	13	150	26
chr21_41830393_41830651	6	1	2	9	2	18	4
chr21_41835552_41835938	29	1	2	9	4	18	8
chr21_41836030_41836979	105	15	30	25	4	50	8
chr21_41843976_41844516	42	4	8	23	3	46	6
chr21_41844592_41844843	32	4	8	4	0	8	0
chr21_41845333_41846236	60	9	18	38	6	76	12
chr21_41847279_41847583	8	2	4	7	3	14	6
chr21_41865005_41865808	39	5	10	13	5	26	10
chr21_41877474_41878839	120	78	156	250	32	500	64
chr21_41879285_41880346	151	59	118	358	38	716	76
chr21_41895236_41895728	15	11	22	25	5	50	10
chr21_41895867_41896175	17	0	0	11	4	22	8
chr21_41933379_41934008	3	0	0	111	15	222	30
chr21_41953237_41953944	29	15	30	31	3	62	6
chr21_41954153_41958830	236	70	140	1253	90	2506	180
chr21_41965340_41966365	3	0	0	249	32	498	64
chr21_42008760_42011519	207	109	218	1699	391	3398	782
chr21_42045060_42045534	2	0	0	87	10	174	20
chr21_42055649_42058507	19	1	2	1698	329	3396	658
chr21_42086045_42086700	2	0	0	70	17	140	34
chr21_42097202_42098520	8	3	6	388	92	776	184
chr21_42101413_42101706	6	0	0	9	2	18	4
chr21_42119249_42120078	2	1	2	231	17	462	34
chr21_42120196_42121440	7	2	4	635	85	1270	170
chr21_42123602_42123863	9	0	0	12	2	24	4
chr21_42219170_42220382	5	0	0	173	22	346	44
chr21_42233460_42233918	0	1	2	73	15	146	30
chr21_42234112_42235415	7	0	0	310	29	620	58
chr21_42262568_42263741	5	0	0	226	27	452	54
chr21_42292607_42292963	7	1	2	10	0	20	0
chr21_42314713_42316671	15	2	4	490	104	980	208
chr21_42329877_42331036	3	2	4	153	25	306	50
chr21_42331078_42331401	1	0	0	53	10	106	20
chr21_42337361_42339439	8	1	2	983	247	1966	494
chr21_42359892_42368541	43	8	16	7210	1275	14420	2550
chr21_42370324_42372353	11	0	0	246	21	492	42
chr21_42372548_42373389	9	3	6	101	6	202	12
chr21_42373592_42378573	25	5	10	2314	323	4628	646
chr21_42380312_42381494	7	0	0	163	18	326	36
chr21_42388509_42390177	16	3	6	299	71	598	142
chr21_42396073_42396624	1	1	2	84	9	168	18
chr21_42401850_42402639	20	27	54	28	7	56	14
chr21_42402806_42403851	51	37	74	23	8	46	16
chr21_42403907_42404532	26	17	34	8	5	16	10
chr21_42404550_42405064	15	12	24	11	3	22	6
chr21_42414826_42415130	10	1	2	2	1	4	2
chr21_42449242_42450054	8	1	2	139	19	278	38
chr21_42450266_42450716	7	2	4	73	25	146	50
chr21_42464070_42464475	18	7	14	70	21	140	42
chr21_42465111_42465666	27	16	32	21	1	42	2
chr21_42473705_42474823	12	0	0	281	39	562	78
chr21_42495175_42496354	15	1	2	824	84	1648	168
chr21_42496513_42497341	13	3	6	398	49	796	98
chr21_42513154_42513793	4	2	4	166	21	332	42
chr21_42513907_42519229	35	8	16	2934	732	5868	1464
chr21_42522764_42526806	29	5	10	1737	401	3474	802
chr21_42544599_42545888	85	38	76	37	8	74	16
chr21_42545944_42546320	18	6	12	8	4	16	8
chr21_42546383_42548420	342	78	156	46	18	92	36
chr21_42550213_42551486	3	3	6	260	48	520	96
chr21_42560907_42561819	3	2	4	121	41	242	82
chr21_42561932_42562309	3	0	0	46	17	92	34
chr21_42570856_42571271	4	0	0	49	5	98	10
chr21_42614637_42615534	11	3	6	126	20	252	40
chr21_42723920_42724435	2	1	2	83	7	166	14
chr21_42724520_42725103	1	2	4	90	8	180	16
chr21_42731515_42732033	0	1	2	62	18	124	36
chr21_42759334_42759533	8	0	0	7	1	14	2
chr21_42781547_42781875	1	0	0	37	12	74	24
chr21_42811962_42812492	0	0	0	50	11	100	22
chr21_42840284_42840544	11	1	2	8	0	16	0
chr21_42870927_42871108	6	0	0	10	3	20	6
chr21_42873351_42873692	11	2	4	8	3	16	6
chr21_42877465_42877875	15	13	26	49	6	98	12
chr21_42877987_42880811	462	313	626	1734	328	3468	656
chr21_42890645_42890890	3	8	16	23	4	46	8
chr21_42890902_42891080	7	1	2	13	1	26	2
chr21_42892133_42894287	307	158	316	1731	443	3462	886
chr21_42923578_42924021	22	12	24	24	6	48	12
chr21_42924075_42924946	131	67	134	111	18	222	36
chr21_42925543_42925912	17	3	6	16	4	32	8
chr21_42930069_42930336	11	5	10	10	4	20	8
chr21_42955150_42957459	21	14	28	628	84	1256	168
chr21_42971145_42974330	402	249	498	443	125	886	250
chr21_42974582_42976929	239	156	312	1683	478	3366	956
chr21_42980985_42981272	16	5	10	32	1	64	2
chr21_42989697_42989968	11	0	0	4	4	8	8
chr21_42992119_42992464	18	3	6	16	4	32	8
chr21_43006578_43006846	2	2	4	35	7	70	14
chr21_43045211_43045568	1	1	2	43	8	86	16
chr21_43045873_43046189	5	1	2	33	7	66	14
chr21_43106961_43107441	14	5	10	148	10	296	20
chr21_43187705_43187924	10	1	2	4	1	8	2
chr21_43196977_43197557	2	2	4	103	27	206	54
chr21_43287186_43289201	11	3	6	714	89	1428	178
chr21_43331067_43335002	19	2	4	2745	258	5490	516
chr21_43335093_43336053	3	1	2	136	11	272	22
chr21_43336957_43337372	4	1	2	45	3	90	6
chr21_43337478_43345473	25	2	4	3494	342	6988	684
chr21_43373458_43373756	1	0	0	24	3	48	6
chr21_43578325_43579131	2	0	0	292	27	584	54
chr21_43579243_43579927	1	1	2	114	18	228	36
chr21_43585125_43588003	12	1	2	1738	262	3476	524
chr21_43609121_43611071	4	2	4	840	168	1680	336
chr21_43611506_43611976	0	0	0	67	12	134	24
chr21_43612050_43612409	5	1	2	78	12	156	24
chr21_43645068_43646720	4	5	10	276	49	552	98
chr21_43654498_43655787	16	2	4	215	38	430	76
chr21_43658849_43660532	154	64	128	588	95	1176	190
chr21_43660595_43660792	13	4	8	18	1	36	2
chr21_43690514_43691370	10	1	2	108	24	216	48
chr21_43698345_43698739	21	4	8	9	1	18	2
chr21_43698897_43699348	23	12	24	13	2	26	4
chr21_43709697_43710233	2	0	0	59	16	118	32
chr21_43710427_43715221	20	6	12	3348	997	6696	1994
chr21_43715646_43715954	1	0	0	33	6	66	12
chr21_43716798_43717129	4	1	2	43	10	86	20
chr21_43718061_43722763	251	89	178	1424	191	2848	382
chr21_43724417_43725042	3	1	2	47	30	94	60
chr21_43725593_43726453	10	1	2	123	29	246	58
chr21_43726811_43729080	290	80	160	425	181	850	362
chr21_43729114_43729713	47	25	50	55	15	110	30
chr21_43733385_43734981	14	3	6	140	23	280	46
chr21_43737624_43738937	81	27	54	102	10	204	20
chr21_43739144_43739826	18	12	24	79	21	158	42
chr21_43739966_43741157	15	5	10	325	69	650	138
chr21_43741469_43742090	7	0	0	100	20	200	40
chr21_43745979_43746286	18	1	2	14	2	28	4
chr21_43746345_43746653	13	2	4	11	5	22	10
chr21_43748683_43748924	4	1	2	18	3	36	6
chr21_43749445_43749762	1	2	4	22	17	44	34
chr21_43753939_43754164	4	0	0	3	0	6	0
chr21_43763908_43764489	3	1	2	37	15	74	30
chr21_43764788_43765084	6	0	0	32	8	64	16
chr21_43766232_43769226	369	95	190	968	240	1936	480
chr21_43775320_43777039	63	34	68	753	196	1506	392
chr21_43778083_43779249	16	3	6	171	39	342	78
chr21_43779314_43779545	0	0	0	30	6	60	12
chr21_43781322_43781683	0	0	0	35	17	70	34
chr21_43782152_43783919	13	1	2	506	163	1012	326
chr21_43785533_43785989	0	1	2	40	8	80	16
chr21_43788495_43789487	48	26	52	367	143	734	286
chr21_43789512_43790627	119	66	132	303	60	606	120
chr21_43790893_43791392	20	6	12	21	4	42	8
chr21_43796997_43797311	9	1	2	6	1	12	2
chr21_43805212_43806292	45	13	26	28	6	56	12
chr21_43807831_43808007	7	0	0	2	1	4	2
chr21_43811017_43811262	14	2	4	9	2	18	4
chr21_43814355_43815159	10	3	6	94	29	188	58
chr21_43824034_43824693	52	8	16	23	5	46	10
chr21_43854371_43855391	213	108	216	17	7	34	14
chr21_43859168_43860887	80	52	104	58	12	116	24
chr21_43860944_43861244	16	4	8	9	0	18	0
chr21_43864249_43864752	35	11	22	75	14	150	28
chr21_43865448_43866969	99	111	222	190	36	380	72
chr21_43879852_43880938	27	8	16	212	34	424	68
chr21_43882759_43885785	728	175	350	350	54	700	108
chr21_43887065_43887287	12	0	0	6	1	12	2
chr21_43892766_43894683	119	79	158	65	13	130	26
chr21_43903018_43903183	6	0	0	9	2	18	4
chr21_43913884_43914434	6	13	26	18	2	36	4
chr21_43915951_43917802	171	87	174	69	11	138	22
chr21_43918065_43918663	24	16	32	25	9	50	18
chr21_43920183_43920677	18	4	8	12	2	24	4
chr21_43921183_43923124	265	101	202	63	9	126	18
chr21_43928080_43930587	18	5	10	1089	160	2178	320
chr21_43938586_43939235	111	29	58	35	5	70	10
chr21_43939350_43939762	27	2	4	31	6	62	12
chr21_43945237_43945694	1	1	2	47	7	94	14
chr21_43945806_43946302	3	3	6	65	13	130	26
chr21_43956310_43956741	3	1	2	40	3	80	6
chr21_43958563_43959214	29	2	4	16	9	32	18
chr21_43972664_43972930	18	2	4	11	0	22	0
chr21_43975001_43975628	50	6	12	28	2	56	4
chr21_44010086_44010626	6	5	10	75	7	150	14
chr21_44011377_44014207	268	197	394	971	152	1942	304
chr21_44015666_44016723	59	48	96	50	4	100	8
chr21_44016811_44018157	133	71	142	50	14	100	28
chr21_44018213_44019470	87	38	76	45	6	90	12
chr21_44019687_44020130	23	8	16	14	2	28	4
chr21_44020688_44021887	67	33	66	76	14	152	28
chr21_44023408_44023611	10	3	6	8	3	16	6
chr21_44024841_44027246	388	132	264	207	43	414	86
chr21_44028720_44028995	15	4	8	9	4	18	8
chr21_44029322_44030209	61	14	28	36	7	72	14
chr21_44042544_44042744	3	5	10	9	5	18	10
chr21_44043583_44044070	27	4	8	23	4	46	8
chr21_44066951_44067555	10	2	4	81	15	162	30
chr21_44082750_44084253	28	7	14	328	129	656	258
chr21_44207897_44208118	3	0	0	41	4	82	8
chr21_44299098_44301944	112	70	140	1279	283	2558	566
chr21_44302196_44302857	6	3	6	91	22	182	44
chr21_44337940_44338762	42	12	24	242	52	484	104
chr21_44338967_44340487	237	101	202	1442	400	2884	800
chr21_44341842_44343085	2	1	2	223	25	446	50
chr21_44370061_44371205	8	0	0	209	42	418	84
chr21_44392586_44393736	2	2	4	162	30	324	60
chr21_44398254_44398648	1	0	0	36	3	72	6
chr21_44398822_44399252	3	0	0	46	11	92	22
chr21_44419664_44419889	6	3	6	5	2	10	4
chr21_44427820_44428376	3	1	2	90	15	180	30
chr21_44455621_44456064	0	1	2	53	13	106	26
chr21_44465239_44465444	6	0	0	1	1	2	2
chr21_44505709_44506083	8	0	0	17	3	34	6
chr21_44517615_44517943	12	6	12	9	2	18	4
chr21_44572789_44573563	6	0	0	75	17	150	34
chr21_44580402_44580897	1	0	0	49	10	98	20
chr21_44593283_44594812	148	33	66	35	13	70	26
chr21_44618730_44618975	0	0	0	27	3	54	6
chr21_44753141_44753541	1	1	2	78	6	156	12
chr21_44764665_44766701	10	2	4	532	61	1064	122
chr21_44772578_44775105	20	3	6	1010	107	2020	214
chr21_44778140_44778869	41	5	10	54	14	108	28
chr21_44780520_44781037	18	1	2	25	9	50	18
chr21_44792820_44793410	25	5	10	27	8	54	16
chr21_44800519_44800754	13	5	10	23	12	46	24
chr21_44800776_44803096	272	141	282	602	117	1204	234
chr21_44817262_44817676	10	2	4	56	4	112	8
chr21_44817797_44819075	185	58	116	457	63	914	126
chr21_44836500_44837488	13	1	2	112	20	224	40
chr21_44852941_44853183	15	0	0	19	3	38	6
chr21_44853729_44855754	358	110	220	74	16	148	32
chr21_44857628_44859818	16	2	4	598	62	1196	124
chr21_44861625_44862091	28	0	0	16	5	32	10
chr21_44864993_44866544	38	5	10	178	32	356	64
chr21_44866816_44867374	26	10	20	34	8	68	16
chr21_44869671_44873781	179	63	126	1240	203	2480	406
chr21_44873865_44875783	94	51	102	393	84	786	168
chr21_44878183_44878902	61	11	22	58	16	116	32
chr21_44881010_44881309	11	4	8	9	8	18	16
chr21_44911142_44912729	13	3	6	436	55	872	110
chr21_44916337_44917914	4	4	8	283	41	566	82
chr21_44920096_44920352	8	0	0	6	2	12	4
chr21_44926561_44929428	22	8	16	980	140	1960	280
chr21_44939003_44940927	167	71	142	478	105	956	210
chr21_44967498_44967770	8	0	0	5	3	10	6
chr21_44968196_44968740	30	5	10	13	5	26	10
chr21_44972576_44972756	7	1	2	7	1	14	2
chr21_45050111_45050827	5	1	2	139	12	278	24
chr21_45051128_45051755	4	2	4	96	12	192	24
chr21_45073021_45074514	58	55	110	704	113	1408	226
chr21_45074694_45075414	11	4	8	101	12	202	24
chr21_45102191_45102502	0	1	2	41	11	82	22
chr21_45110959_45111238	13	5	10	10	3	20	6
chr21_45111484_45111818	10	14	28	11	2	22	4
chr21_45138373_45138776	22	10	20	17	4	34	8
chr21_45151654_45151872	9	2	4	2	3	4	6
chr21_45286565_45286844	5	1	2	24	1	48	2
chr21_45287424_45287942	7	4	8	243	21	486	42
chr21_45287987_45289105	16	14	28	183	29	366	58
chr21_45317194_45318456	2	0	0	230	93	460	186
chr21_45326645_45327869	3	0	0	133	28	266	56
chr21_45328863_45331329	7	1	2	1214	235	2428	470
chr21_45331564_45331875	0	1	2	25	4	50	8
chr21_45359764_45360310	36	4	8	7	2	14	4
chr21_45363580_45365087	116	12	24	591	173	1182	346
chr21_45377707_45379101	3	2	4	282	43	564	86
chr21_45386125_45387803	16	2	4	389	74	778	148
chr21_45402658_45404945	7	1	2	520	91	1040	182
chr21_45405191_45407170	29	13	26	485	82	970	164
chr21_45407210_45409425	17	4	8	382	119	764	238
chr21_45410181_45411680	203	52	104	38	10	76	20
chr21_45411803_45412218	58	15	30	8	1	16	2
chr21_45421095_45422341	5	2	4	242	60	484	120
chr21_45426949_45428502	11	1	2	262	68	524	136
chr21_45430596_45431194	8	0	0	60	10	120	20
chr21_45438947_45439563	42	13	26	59	9	118	18
chr21_45447284_45450201	15	4	8	1308	193	2616	386
chr21_45452795_45453313	8	1	2	70	5	140	10
chr21_45453406_45456273	9	3	6	780	164	1560	328
chr21_45460174_45460788	4	2	4	79	13	158	26
chr21_45460860_45461192	5	3	6	37	4	74	8
chr21_45465271_45465694	1	0	0	31	4	62	8
chr21_45466890_45467326	2	0	0	46	5	92	10
chr21_45469609_45472953	7	4	8	1563	457	3126	914
chr21_45478266_45478681	19	14	28	47	12	94	24
chr21_45482415_45482772	11	4	8	5	4	10	8
chr21_45502270_45502860	1	0	0	62	9	124	18
chr21_45511158_45517294	30	1	2	3455	899	6910	1798
chr21_45526908_45527546	3	0	0	83	17	166	34
chr21_45527828_45528332	1	0	0	68	10	136	20
chr21_45529682_45529994	9	1	2	14	2	28	4
chr21_45540931_45542768	47	46	92	196	24	392	48
chr21_45554468_45555119	9	2	4	115	110	230	220
chr21_45555472_45556565	13	13	26	470	135	940	270
chr21_45591128_45592375	200	24	48	37	4	74	8
chr21_45592491_45592903	40	2	4	43	7	86	14
chr21_45593671_45594107	26	19	38	10	0	20	0
chr21_45594126_45594412	3	7	14	11	5	22	10
chr21_45635493_45635877	18	1	2	11	1	22	2
chr21_45640268_45641225	5	1	2	128	27	256	54
chr21_45641314_45641871	1	0	0	72	21	144	42
chr21_45643722_45644431	5	3	6	156	10	312	20
chr21_45667738_45668843	0	3	6	199	31	398	62
chr21_45747199_45749070	8	0	0	316	71	632	142
chr21_45818174_45819594	6	0	0	238	41	476	82
chr21_45820426_45820706	1	0	0	21	18	42	36
chr21_45910216_45911006	3	0	0	135	13	270	26
chr21_45914503_45917203	14	1	2	1018	77	2036	154
chr21_45917383_45917802	3	1	2	55	7	110	14
chr21_45980423_45980811	1	0	0	43	3	86	6
chr21_45980877_45981564	9	2	4	183	30	366	60
chr21_46040970_46041189	13	1	2	5	3	10	6
chr21_46143672_46144414	88	37	74	53	19	106	38
chr21_46144829_46145051	9	1	2	13	1	26	2
chr21_46146965_46147590	3	2	4	99	23	198	46
chr21_46152681_46154533	183	58	116	32	26	64	52
chr21_46155903_46156683	40	4	8	13	1	26	2
chr21_46156860_46157169	10	2	4	5	4	10	8
chr21_46172516_46172693	5	0	0	2	1	4	2
chr21_46179412_46181172	76	34	68	36	14	72	28
chr21_46182724_46183539	76	29	58	16	3	32	6
chr21_46183922_46184492	124	57	114	36	7	72	14
chr21_46184575_46186237	81	76	152	295	110	590	220
chr21_46187288_46192323	216	84	168	3019	1025	6038	2050
chr21_46200340_46201300	18	3	6	180	23	360	46
chr21_46201448_46201966	8	1	2	81	15	162	30
chr21_46224454_46224773	19	4	8	8	2	16	4
chr21_46226154_46227559	48	12	24	159	70	318	140
chr21_46227613_46228925	57	19	38	464	135	928	270
chr21_46229183_46231012	198	94	188	293	110	586	220
chr21_46233612_46233812	7	2	4	10	5	20	10
chr21_46243718_46244001	13	1	2	15	2	30	4
chr21_46253441_46254135	93	13	26	25	10	50	20
chr21_46254270_46254783	19	6	12	16	4	32	8
chr21_46265082_46265287	8	1	2	6	0	12	0
chr21_46269175_46270034	7	0	0	91	19	182	38
chr21_46283881_46287893	268	141	282	2230	686	4460	1372
chr21_46291116_46292501	17	4	8	335	27	670	54
chr21_46294564_46295792	61	29	58	380	19	760	38
chr21_46295957_46296721	24	11	22	67	6	134	12
chr21_46313423_46313730	8	2	4	7	1	14	2
chr21_46317825_46319498	30	3	6	229	38	458	76
chr21_46319942_46324547	924	326	652	1508	412	3016	824
chr21_46324613_46326875	161	85	170	1389	417	2778	834
chr21_46369068_46369519	10	0	0	13	6	26	12
chr21_46378934_46379200	3	0	0	28	6	56	12
chr21_46423280_46423474	5	3	6	9	0	18	0
chr21_46435730_46435932	5	0	0	6	1	12	2
chr21_46441834_46442131	7	2	4	8	1	16	2
chr21_46455952_46456368	24	9	18	14	7	28	14
chr21_46457373_46458775	522	189	378	944	231	1888	462
chr21_46458889_46459493	49	13	26	215	37	430	74
chr21_46459589_46460337	17	18	36	109	47	218	94
chr21_46462083_46462458	5	5	10	30	3	60	6
chr21_46499851_46501265	128	50	100	375	96	750	192
chr21_46509155_46509520	3	1	2	36	5	72	10
chr21_46509657_46510009	1	0	0	45	8	90	16
chr21_46510191_46510534	3	2	4	33	5	66	10
chr21_46545132_46545500	5	1	2	43	7	86	14
chr21_46545635_46546148	4	0	0	66	11	132	22
chr21_46633994_46636820	460	155	310	1738	610	3476	1220
chr21_46636963_46637580	18	16	32	37	18	74	36
chr21_46637930_46638702	69	34	68	75	4	150	8
chr21_46643498_46644480	6	0	0	147	23	294	46
chr21_46661241_46661721	2	1	2	23	20	46	40
chr21_46667169_46668365	2	0	0	162	40	324	80